-1.1107064068482941e-07 -2.5409998893737793
0.015591171570122242 -2.54095196723938
0.03118186630308628 -2.5408084392547607
0.031438618898391724 -1.70771062374115
0.04088561609387398 -1.6654982566833496
0.05110415071249008 -1.6652159690856934
0.06132076308131218 -1.664871096611023
0.07076217979192734 -1.6464800834655762
0.08042185008525848 -1.6370258331298828
0.09029935300350189 -1.6335060596466064
0.10013669729232788 -1.6299269199371338
0.10966374725103378 -1.622297763824463
0.11961591988801956 -1.6215943098068237
0.1295635849237442 -1.6208298206329346
0.13950636982917786 -1.620004415512085
0.15220116078853607 -1.6489908695220947
0.24572987854480743 -1.7296316623687744
0.24841462075710297 -1.6746758222579956
0.25425446033477783 -1.644460678100586
0.2625924348831177 -1.6320092678070068
0.2709521949291229 -1.6205042600631714
0.2808903157711029 -1.6188111305236816
0.29081788659095764 -1.617057204246521
0.29963621497154236 -1.6093436479568481
0.3083709478378296 -1.6015831232070923
0.3181922733783722 -1.599660873413086
0.32800161838531494 -1.597678303718567
0.3377985954284668 -1.5956356525421143
0.34843531250953674 -1.5974409580230713
0.3584495782852173 -1.596248745918274
0.3722887337207794 -1.6115573644638062
0.38563594222068787 -1.623836874961853
0.956754744052887 -3.020073652267456
0.9752675294876099 -3.014146089553833
0.9937436580657959 -3.0081052780151367
1.0265599489212036 -3.0445926189422607
0.6601607203483582 -1.7431820631027222
0.6690447926521301 -1.734433650970459
0.6785776615142822 -1.7275034189224243
0.6858227849006653 -1.7149507999420166
0.6944475769996643 -1.7060792446136475
0.7049028277397156 -1.7017861604690552
0.7145548462867737 -1.69558584690094
0.7194293737411499 -1.6783019304275513
0.4763520359992981 -1.0926815271377563
0.47818470001220703 -1.0787675380706787
0.48479488492012024 -1.0758130550384521
0.49513471126556396 -1.081000804901123
0.5017582774162292 -1.0779423713684082
0.5079354047775269 -1.0739392042160034
0.5145153999328613 -1.0708024501800537
0.5210760235786438 -1.0676252841949463
0.5276170372962952 -1.0644079446792603
0.5341382026672363 -1.0611504316329956
0.5406392812728882 -1.057853102684021
0.5475804805755615 -1.0554035902023315
0.5573078393936157 -1.0582172870635986
0.5637904405593872 -1.0547778606414795
0.5702518224716187 -1.0512986183166504
0.577656090259552 -1.0495319366455078
0.5860352516174316 -1.0494601726531982
0.5924636125564575 -1.045844554901123
0.604848325252533 -1.0525941848754883
0.6123026013374329 -1.050590991973877
0.6253522038459778 -1.058005452156067
0.6318322420120239 -1.0541484355926514
0.6315368413925171 -1.0391424894332886
0.5996059775352478 -0.9730989933013916
0.597088634967804 -0.9558316469192505
0.5906373262405396 -0.9327183365821838
0.5963492393493652 -0.9290766716003418
0.6004027724266052 -0.9228853583335876
0.6027514934539795 -0.9141749143600464
0.6061270833015442 -0.9071333408355713
0.6139244437217712 -0.9067093729972839
0.619476318359375 -0.9029253125190735
0.636420488357544 -0.9155293107032776
0.701910138130188 -0.996635913848877
0.7155627608299255 -1.0028927326202393
0.7240461111068726 -1.0017250776290894
0.7313604950904846 -0.9988773465156555
0.7386671304702759 -0.9959773421287537
0.8048260807991028 -1.0713800191879272
0.8816240429878235 -1.1587384939193726
0.8917692303657532 -1.157267689704895
0.8988533020019531 -1.1517741680145264
0.9028032422065735 -1.1423144340515137
0.909795343875885 -1.1367534399032593
0.916123628616333 -1.1303727626800537
0.9198702573776245 -1.1208652257919312
0.9299260377883911 -1.119045376777649
0.9374186992645264 -1.1140835285186768
1.0467021465301514 -1.2285805940628052
1.0653249025344849 -1.235007643699646
2.889003276824951 -2.997370481491089
2.902451753616333 -2.9745774269104004
2.9206488132476807 -2.956712484359741
2.943685531616211 -2.94368577003479
4.030206680297852 -2.586881160736084
4.046003818511963 -2.562103748321533
4.061648368835449 -2.537229537963867
4.149505138397217 -2.5568501949310303
4.239461898803711 -2.5765252113342285
4.255191802978516 -2.5504636764526367
4.268178462982178 -2.522779941558838
4.286169052124023 -2.498054027557373
4.304017543792725 -2.4732022285461426
4.3191118240356445 -2.446746826171875
4.336662769317627 -2.421661615371704
4.630608081817627 -1.9514338970184326
4.6424946784973145 -1.9229843616485596
4.6542067527771 -1.8944623470306396
4.673171043395996 -1.8688395023345947
4.699442386627197 -1.8459800481796265
4.737737655639648 -1.8275470733642578
4.772241592407227 -1.807296633720398
4.798238277435303 -1.783555269241333
4.811910152435303 -1.75510835647583
4.874373435974121 -1.7440788745880127
4.892531871795654 -1.71678626537323
5.109922409057617 -1.3133420944213867
5.113034725189209 -1.2807484865188599
5.1207966804504395 -1.2493513822555542
5.133231163024902 -1.2190625667572021
5.172767639160156 -1.1949704885482788
5.210249423980713 -1.170000672340393
5.252503395080566 -1.1456811428070068
5.322982311248779 -1.09280264377594
5.329587459564209 -1.0601208209991455
5.0973334312438965 0.4704819619655609
5.079422950744629 0.5002794861793518
5.07227897644043 0.5310203433036804
5.068925380706787 0.562133252620697
5.0584282875061035 0.5924108028411865
5.0546979904174805 0.6234375834465027
5.057719707489014 0.6553403735160828
5.325110912322998 0.7232367396354675
4.870485305786133 1.0623550415039062
4.760450839996338 1.0689949989318848
4.750878810882568 1.0975091457366943
4.744055271148682 1.1266393661499023
4.737052917480469 1.1557271480560303
4.310849666595459 1.365670919418335
4.2624287605285645 1.3791664838790894
4.241542339324951 1.4012163877487183
4.2139129638671875 1.4208256006240845
4.184312343597412 1.4394981861114502
4.1621904373168945 1.4605098962783813
4.13431978225708 1.479283332824707
4.1054368019104 1.4974273443222046
4.0961713790893555 1.5225896835327148
4.106390476226807 1.5551320314407349
3.6851797103881836 1.6335278749465942
3.6714401245117188 1.6544654369354248
3.6448543071746826 1.6694660186767578
3.631822347640991 1.69053316116333
3.606013298034668 1.705517292022705
3.5855655670166016 1.7228472232818604
3.572230815887451 1.743499517440796
3.546234369277954 1.7578355073928833
3.531808853149414 1.7777632474899292
3.515491485595703 1.7966700792312622
3.498187780380249 1.8149831295013428
3.4790220260620117 1.8322196006774902
3.4606590270996094 1.849760890007019
3.4492440223693848 1.8709602355957031
3.43769907951355 1.8920891284942627
4.06701135635376 3.296156406402588
4.0467095375061035 3.3210489749908447
3.993407726287842 3.360156774520874
3.9711928367614746 3.3832998275756836
3.910545825958252 3.415332317352295
3.8700385093688965 3.4220399856567383
3.841517925262451 3.439051866531372
3.8203439712524414 3.4625580310821533
3.795342206954956 3.482553720474243
3.77316951751709 3.5050952434539795
3.751591682434082 3.5281810760498047
3.734217882156372 3.5552711486816406
2.75590443611145 3.316373586654663
2.735503673553467 3.333220958709717
2.7149999141693115 3.349942922592163
2.7000179290771484 3.373565673828125
2.6736865043640137 3.3830080032348633
2.652878522872925 3.3993496894836426
2.6301393508911133 3.413187265396118
2.6109633445739746 3.4316487312316895
2.5880563259124756 3.4452061653137207
2.566868305206299 3.4610214233398438
2.5509002208709717 3.4839677810668945
2.530841827392578 3.640768527984619
2.5078890323638916 3.655404567718506
2.48541259765625 3.6707239151000977
2.4611759185791016 3.683410406112671
2.4401800632476807 3.7009472846984863
2.4174256324768066 3.715850353240967
2.3924193382263184 3.7272469997406006
2.36950421333313 3.741856336593628
2.353917360305786 3.7681987285614014
2.3281290531158447 3.7783145904541016
2.3074984550476074 3.7968010902404785
2.286728858947754 3.8151769638061523
2.2607321739196777 3.82483172416687
2.234703302383423 3.8343117237091064
1.8818057775497437 3.2748336791992188
1.8518184423446655 3.2689168453216553
1.805885672569275 3.2339439392089844
1.7797402143478394 3.233574867248535
1.7407939434051514 3.2092738151550293
1.7092844247817993 3.1978464126586914
1.6803110837936401 3.1905782222747803
1.645044207572937 3.1706488132476807
1.6100857257843018 3.1504077911376953
1.5893759727478027 3.157547950744629
1.5517627000808716 3.1305060386657715
1.5303319692611694 3.1354753971099854
1.4941736459732056 3.1096537113189697
1.4622383117675781 3.0916435718536377
1.4310028553009033 3.074266195297241
1.4042003154754639 3.0657143592834473
1.3705726861953735 3.0414514541625977
1.345806360244751 3.036090850830078
1.3239548206329346 3.0369577407836914
1.2918998003005981 3.0137743949890137
1.2663930654525757 3.0050573348999023
1.2479305267333984 3.0127711296081543
1.221126914024353 2.999994993209839
1.1867296695709229 2.96750545501709
1.1626492738723755 2.959839105606079
1.1444661617279053 2.9669172763824463
1.1262398958206177 2.973883628845215
1.1111069917678833 2.9891741275787354
1.1030248403549194 3.0241193771362305
1.0888279676437378 3.0430705547332764
1.0717910528182983 3.0544121265411377
1.0614874362945557 3.0855166912078857
1.0457299947738647 3.101447582244873
1.0323264598846436 3.1248972415924072
1.023292064666748 3.162569999694824
1.0083976984024048 3.183088779449463
0.9947707056999207 3.2083191871643066
0.980581521987915 3.232544422149658
0.9607285261154175 3.2385003566741943
0.940839409828186 3.2443344593048096
0.6409327387809753 2.2619473934173584
0.6193069219589233 2.2378880977630615
0.598522424697876 2.2155802249908447
0.5790547132492065 2.1969707012176514
0.5600870251655579 2.1791746616363525
0.5391729474067688 2.1524994373321533
0.517185389995575 2.119821548461914
0.4494079649448395 1.8923683166503906
0.4330613911151886 1.874629020690918
0.4176068902015686 1.8596882820129395
0.3980900049209595 1.825088620185852
0.38398441672325134 1.81380033493042
0.37023356556892395 1.8033878803253174
0.35389378666877747 1.779144525527954
0.34051260352134705 1.7685168981552124
0.32727524638175964 1.757792592048645
0.31294339895248413 1.7400834560394287
0.2971316874027252 1.7124125957489014
0.28447505831718445 1.7013814449310303
0.27085307240486145 1.6833490133285522
0.2605191469192505 1.6849792003631592
0.2501753866672516 1.686545968055725
0.2399628907442093 1.6890392303466797
0.23013295233249664 1.6944435834884644
0.22075968980789185 1.703757405281067
0.21042388677597046 1.7060723304748535
0.20076587796211243 1.71428382396698
0.19189679622650146 1.7303920984268188
0.1814839392900467 1.7335261106491089
0.17152991890907288 1.7415733337402344
0.16203542053699493 1.755537986755371
0.1513463854789734 1.7574955224990845
0.14103783667087555 1.7643718719482422
0.13109196722507477 1.7771714925765991
0.1209268718957901 1.7889174222946167
0.11025460809469223 1.7946163415908813
0.09995850920677185 1.808239221572876
0.08930309116840363 1.8178077936172485
0.07887750118970871 1.8353058099746704
0.06765159964561462 1.836754560470581
0.05668696016073227 1.8471304178237915
0.04567114636301994 1.860439419746399
0.034641385078430176 1.8816810846328735
0.023119496181607246 1.88385808467865
0.011584468185901642 1.8879644870758057
